##This is a file containing all the initial and final conditions used for our real experiments on Crazyflies

##All the experiments below use our receding-horizon decentralized iLQR solver

##Tuned parameters for each trial:


convergence criterion: within 0.1 meters of final position; 
Q = np.diag([1, 1, 1, 5, 5, 5])
R = np.diag([0, 1, 1])
Qf = 1e3 * np.eye(n_states)




3-drone experiments :

Trial 1(d_prox = 2.0, 
       N = 10,
       dt = 0.05,
       step_size = 1):

x0.T = [[ 0.572  1.556  1.0  0.    0.     0.     2.633  1.663  1.2 0.
   0.     0.     1.675  1.179  1.3 0.     0.   0.   ]]

xf.T = [[2.492 1.541 0.942 0.    0.    0.    0.528 1.407 0.976 0.    0.    0.
  1.663 2.341 1.037 0.    0.    0.   ]]

Trial 2(d_prox = 0.5
         ):
x0.T = [[ 0.339  1.437  1.039  0.5    0.     0.     2.543  1.491  0.955 0.
   0.     0.     1.461  1.317  0.937  0.     0.2    0.   ]]

xf.T = [[2.836 1.748 1.132 0.    0.    0.    0.431 1.395 1.142 0.    0.    0.
  1.504 2.066 0.967 0.    0.    0.   ]]

Trial 3:
x0.T = [[ 0.46   1.384  0.998  0.5    0.     0.     2.528  1.628  1.049 -0.5
   0.     0.     1.435  1.221  0.897  0.     0.2    0.   ]]

xf.T = [[2.474 1.502 1.051 0.    0.    0.    0.564 1.346 1.01  0.    0.    0.
  1.577 2.31  0.935 0.    0.    0.   ]]

Trial 4:
x0.T =[[ 0.329  1.499  0.94   0.5    0.     0.     2.414  1.531  1.079 -0.5
   0.     0.     1.357  1.088  0.726  0.     0.2    0.   ]]

xf.T = [[2.492 1.317 0.938 0.    0.    0.    0.509 1.597 0.961 0.    0.    0.
  1.616 2.235 0.977 0.    0.    0.   ]]


Trial 5:
x0.T = [[ 0.571  1.675  0.95   0.5    0.     0.     2.493  1.517  1.086 -0.5
   0.     0.     1.401  1.257  1.028  0.     0.2    0.   ]]

xf.T = [[2.49  1.447 0.886 0.    0.    0.    0.396 1.496 1.122 0.    0.    0.
  1.363 2.112 1.041 0.    0.    0.   ]]


5-drone experiment (collision avoidance radius = 0.6, 
                    decentralization radius = 0.6,
                    prediction horizon = 5):

Trial 1:
x0.T = [[ 0.683  1.443  0.975  0.1    0.     0.     2.5    1.484  0.974 -0.1
   0.     0.     1.538  1.332  1.07   0.     0.1    0.     0.476  1.006
   1.171  0.1    0.     0.     1.079 -0.6    0.99   0.     0.     0.   ]]

xf.T = [[ 2.412  1.6    0.998  0.     0.     0.     0.533  1.491  0.93   0.
   0.     0.     1.487  2.281  1.123  0.     0.     0.    -0.612 -0.546
   0.953  0.     0.     0.     0.707  1.054  0.953  0.     0.     0.   ]]

Trial 2:
x0.T = [[ 0.449  1.695  1.063  0.1    0.     0.     2.462  1.621  0.963 -0.1
   0.     0.     1.555  1.237  0.953  0.     0.1    0.     0.328  1.043
   0.947  0.1    0.     0.     1.179 -0.503  0.971  0.     0.     0.   ]]

xf.T = [[ 2.619  1.712  1.026  0.     0.     0.     0.463  1.487  1.033  0.
   0.     0.     1.323  2.129  1.216  0.     0.     0.    -0.523 -0.647
   0.896  0.     0.     0.     0.658  0.977  1.133  0.     0.     0.   ]]

Trial 3:
x0.T = [[ 0.374  1.497  0.855  0.1    0.     0.     2.636  1.399  1.151 -0.1
   0.     0.     1.496  1.245  1.065  0.     0.1    0.     0.591  1.239
   1.126  0.1    0.     0.     1.124 -0.56   1.063  0.     0.     0.   ]]
xf.T = [[ 2.649  1.399  1.034  0.     0.     0.     0.502  1.671  1.054  0.
   0.     0.     1.607  2.172  1.09   0.     0.     0.    -0.606 -0.711
   0.909  0.     0.     0.     0.791  0.862  0.928  0.     0.     0.   ]]

Trial 4:
x0.T = [[ 0.557  1.566  1.088  0.1    0.     0.     2.683  1.319  0.944 -0.1
   0.     0.     1.35   1.345  0.981  0.     0.1    0.     0.442  0.831
   1.049  0.1    0.     0.     0.94  -0.504  1.093  0.     0.     0.   ]]

xf.T = [[ 2.596  1.393  1.132  0.     0.     0.     0.58   1.619  0.959  0.
   0.     0.     1.505  2.169  0.944  0.     0.     0.    -0.572 -0.452
   1.081  0.     0.     0.     0.561  0.873  1.049  0.     0.     0.   ]]

Trial 5:
x0.T = [[ 0.56   1.295  0.944  0.1    0.     0.     2.407  1.627  1.223 -0.1
   0.     0.     1.625  1.189  0.879  0.     0.1    0.     0.434  1.081
   1.071  0.1    0.     0.     1.29  -0.441  0.963  0.     0.     0.   ]]

xf.T = [[ 2.395  1.466  0.698  0.     0.     0.     0.371  1.499  1.042  0.
   0.     0.     1.417  2.103  1.066  0.     0.     0.    -0.588 -0.696
   0.927  0.     0.     0.     0.753  0.901  1.136  0.     0.     0.   ]]


7-drone experiment (collision avoidance radius = 0.7, 
                    decentralization radius = 0.7,
                    prediction horizon = 4,
                    STEP_SIZE = 2):

Trial 1:
x0.T =[[ 0.46   1.564  1.122  0.1    0.     0.     2.294  1.634  0.966 -0.1
   0.     0.     1.378  1.469  0.947  0.     0.1    0.     0.494  0.916
   1.035  0.1    0.     0.     1.282 -0.603  1.169  0.     0.     0.
   1.784  1.444  1.007  0.     0.     0.    -1.599  1.069  0.983  0.1
   0.     0.   ]]

xf.T = [[ 2.483  1.466  0.9    0.     0.     0.     0.52   1.378  0.949  0.
   0.     0.     1.457  2.169  1.114  0.     0.     0.    -0.466 -0.72
   1.021  0.     0.     0.     0.6    0.947  1.032  0.     0.     0.
   2.048  2.149  1.158  0.     0.     0.    -0.326  0.534  1.169  0.
   0.     0.   ]]




